element	deltaR	Peak1width_ratio	Peak2Pos_ratio	Peak2width_ratio	Nei1stShell	Nei2ndShell	F3	F4	F5	F6	Q4_1stShell	Q6_1stShell	Q4_Voro	Q6_Voro	Cavity1stPeak	CavityIonicR	PackingE_1stPeak	PackingE_IonicR	f_other	f_fcc	f_hcp	f_bcc	f_ico
Be	0.01414	0.20615	1.79229	0.43887	12.117	43.318	0.02581	0.16077	0.52777	0.28564	0.04231	0.23663	0.06495	0.23615	0.01718	0.01413	0.8498	0.88283	0.23375	0.10125	0.31563	0.25188	0.0975
Mg	0.01411	0.1982	1.80204	0.44203	12.576	43.317	0.03108	0.1711	0.50906	0.28877	0.0396	0.17697	0.06708	0.17899	0.00875	0.00701	0.67927	0.69777	0.249	0.084	0.381	0.2395	0.0465
Al	0.0206	0.17656	1.76809	0.43981	11.177	42.686	0.03523	0.18731	0.47476	0.30271	0.06323	0.21131	0.07128	0.18789	0.01302	0.00955	0.6696	0.69944	0.281	0.0735	0.441	0.187	0.0175
Ca	0.06788	0.2135	1.8311	0.44693	13.006	46.472	0.0283	0.17781	0.50269	0.2912	0.03312	0.17293	0.07104	0.17869	0.00797	0.00316	0.67718	0.75223	0.2805	0.0725	0.3305	0.2615	0.055
Sc	0.05936	0.20019	1.75077	0.33342	11.324	42.077	0.05064	0.23409	0.38249	0.33278	0.05004	0.22126	0.06059	0.19256	0.00654	0.00186	0.68411	0.76408	0.2795	0.0285	0.5955	0.0965	0
Ti	-0.08268	0.1993	1.8239	0.37566	14.834	37.322	0.12152	0.22691	0.34371	0.30786	0.01982	0.13205	0.06607	0.16297	0.0071	0.0338	0.67396	0.56153	0.362	0.0475	0.376	0.213	0.0015
V	-0.03834	0.24942	1.81507	0.47631	13.437	49.084	0.02105	0.1573	0.55188	0.26977	0.02999	0.15573	0.08128	0.16698	0.00184	0.00518	0.73023	0.66889	0.2525	0.0425	0.145	0.471	0.089
Cr	0.01672	0.28874	1.80672	0.49148	13.469	47.07	0.00707	0.15954	0.56001	0.27338	0.0288	0.16535	0.08314	0.18	0.00238	0.00155	0.72642	0.75551	0.249	0.0435	0.109	0.4895	0.109
Mn	-0.0303	0.25445	1.78634	0.4836	12.54111	46.64	0.01793	0.15569	0.56149	0.2649	0.03727	0.16346	0.05899	0.16401	0.00444	0.0083	0.79643	0.73905	0.27056	0.05333	0.26	0.34556	0.07056
Fe	0.03695	0.2002	1.77784	0.45324	11.981	43.515	0.03576	0.16784	0.51069	0.28571	0.04426	0.18379	0.05625	0.17224	0.00816	0.00376	0.69248	0.7583	0.25	0.068	0.426	0.222	0.034
Co	0.03948	0.17729	1.77383	0.43032	11.73889	43.67889	0.03882	0.16762	0.5023	0.29126	0.05134	0.19816	0.06247	0.17903	0.0072	0.00291	0.76629	0.84428	0.22944	0.08889	0.44944	0.19833	0.03389
Ni	0.00314	0.19028	1.79495	0.45099	12.098	45.49	0.02716	0.17701	0.4987	0.29712	0.04788	0.20246	0.06818	0.19333	0.00662	0.0062	0.69043	0.69576	0.235	0.116	0.3555	0.2455	0.048
Cu	0.00669	0.1837	1.81956	0.42807	12.26222	48.08444	0.02987	0.21339	0.41993	0.33682	0.05324	0.27174	0.08274	0.26688	0.00741	0.00648	0.76086	0.77308	0.23833	0.18444	0.35389	0.20056	0.02278
Zn	-0.03508	0.17945	1.7442	0.41231	10.59875	38.84875	0.04564	0.19455	0.45883	0.30098	0.06859	0.20815	0.06716	0.17582	0.0222	0.03366	0.81349	0.75135	0.37063	0.05625	0.37	0.18625	0.01688
Ga	-0.17111	0.1965	1.8327	0.36704	10.676	47.964	0.0752	0.23211	0.39254	0.30015	0.07984	0.17466	0.09162	0.14583	0.02664	0.15072	0.62202	0.42261	0.579	0.018	0.276	0.1255	0.0015
Sr	0.07578	0.20744	1.80859	0.4025	12.582	44.608	0.02925	0.18375	0.48566	0.30134	0.03812	0.18649	0.06834	0.18669	0.00868	0.00339	0.67633	0.7531	0.281	0.08	0.3505	0.2555	0.033
Y	0.0664	0.19426	1.77363	0.35729	11.89222	43.78222	0.04953	0.23267	0.38178	0.33602	0.04454	0.23468	0.06158	0.21345	0.00583	0.00156	0.76515	0.8557	0.30278	0.05278	0.56167	0.08111	0.00167
Zr	0.04231	0.20322	1.8354	0.41785	13.62	46.154	0.07016	0.21491	0.40131	0.31362	0.0255	0.18896	0.06741	0.2023	0.00434	0.00148	0.6893	0.74673	0.2665	0.0745	0.3775	0.269	0.0125
Nb	-0.01735	0.27344	1.84292	0.48123	13.422	46.869	0.01347	0.15723	0.55456	0.27474	0.02815	0.16269	0.07928	0.17578	0.00489	0.00698	0.68078	0.6567	0.2485	0.0555	0.1455	0.4405	0.11
Mo	0.00241	0.27976	1.84661	0.49288	13.371	46.099	0.00829	0.16505	0.54547	0.28119	0.02997	0.16642	0.08003	0.1782	0.0057	0.00542	0.67054	0.67409	0.254	0.05	0.1595	0.443	0.0935
Tc	0.01569	0.23817	1.79748	0.47703	12.219	46.259	0.02105	0.17721	0.52042	0.28132	0.04098	0.17864	0.05756	0.17127	0.00744	0.00565	0.6935	0.71805	0.283	0.064	0.376	0.238	0.039
Ru	0.0208	0.18287	1.76105	0.41729	11.02	42.978	0.05032	0.19123	0.45897	0.29948	0.05617	0.19856	0.05767	0.17033	0.01319	0.00944	0.67493	0.70739	0.291	0.047	0.49	0.1585	0.0135
Rh	0.01611	0.15497	1.74667	0.39354	10.994	41.198	0.06246	0.18784	0.44908	0.30063	0.06521	0.21508	0.06877	0.18312	0.01169	0.00893	0.67635	0.70124	0.315	0.072	0.453	0.1495	0.0105
Pd	0.01561	0.18106	1.82683	0.4251	13.032	45.158	0.0382	0.19077	0.46363	0.3074	0.03608	0.19471	0.07642	0.20179	0.00825	0.00617	0.6792	0.7027	0.244	0.1275	0.408	0.199	0.0215
Ag	0.01657	0.1672	1.79213	0.41268	12.561	40.673	0.03223	0.20565	0.44435	0.31777	0.04307	0.21304	0.0747	0.20958	0.01107	0.00854	0.67276	0.69634	0.2485	0.1105	0.418	0.202	0.021
Cd	-0.0428	0.16804	1.779	0.39719	11.48	38.45714	0.06079	0.20773	0.42188	0.30961	0.05854	0.18327	0.075	0.16661	0.02461	0.03903	0.91076	0.83607	0.45643	0.04214	0.30786	0.18714	0.00643
In	0.03821	0.19673	1.83255	0.40859	13.138	39.98	0.06783	0.21936	0.40452	0.30829	0.03788	0.15161	0.08361	0.15954	0.02013	0.01255	0.637	0.68311	0.4535	0.034	0.334	0.1745	0.004
Sn	-0.18011	0.19665	1.81522	0.36383	9.594	47.451	0.09461	0.2585	0.35329	0.2936	0.10211	0.18618	0.09936	0.14191	0.0386	0.15805	0.59996	0.4195	0.658	0.0135	0.2225	0.105	0.001
La	0.07621	0.22087	1.82821	0.41032	14.143	40.409	0.06375	0.22288	0.39724	0.31614	0.02457	0.15596	0.06763	0.17789	0.00819	0.00206	0.66994	0.7585	0.367	0.049	0.375	0.2055	0.0035
Ce	-0.16331	0.22502	1.81298	0.39629	12.099	46.363	0.05561	0.22164	0.40448	0.31827	0.04585	0.20312	0.06677	0.193	0.00797	0.06226	0.66954	0.5046	0.3305	0.0645	0.428	0.174	0.003
Pr	0.06908	0.22065	1.80845	0.38414	12.44	45.002	0.05263	0.22525	0.39086	0.33126	0.04106	0.21014	0.06644	0.2013	0.00718	0.00202	0.67539	0.75615	0.3265	0.0675	0.434	0.171	0.001
Nd	0.06278	0.21419	1.80602	0.37703	12.381	44.744	0.04827	0.22837	0.39324	0.33012	0.03953	0.21049	0.06542	0.19785	0.00729	0.00221	0.67333	0.74704	0.324	0.0555	0.467	0.1535	0
Pm	0.05827	0.21749	1.79182	0.37767	11.917	44.26	0.05772	0.23145	0.37851	0.33232	0.04494	0.21452	0.06155	0.19417	0.00815	0.0029	0.67166	0.74023	0.292	0.0525	0.516	0.1375	0.002
Sm	0.04927	0.2085	1.80203	0.36143	12.432	44.305	0.05298	0.2325	0.37633	0.3382	0.03825	0.21163	0.063	0.2008	0.00755	0.00314	0.67713	0.73543	0.3135	0.052	0.502	0.1305	0.002
Eu	0.08289	0.21105	1.83433	0.42658	13.236	46.299	0.03213	0.19754	0.45774	0.31259	0.03227	0.17773	0.07957	0.18422	0.00741	0.00214	0.67784	0.77123	0.296	0.0865	0.344	0.243	0.0305
Gd	0.07154	0.21012	1.78092	0.35858	11.992	43.453	0.05079	0.23255	0.37913	0.33754	0.04456	0.23111	0.06364	0.21361	0.00693	0.00173	0.68085	0.76808	0.2855	0.0495	0.557	0.1075	5E-4
Tb	0.02268	0.20893	1.79006	0.36555	12.035	44.739	0.04791	0.23027	0.38536	0.33646	0.04203	0.22235	0.06125	0.20377	0.00723	0.0049	0.68153	0.70862	0.2935	0.05	0.547	0.109	5E-4
Dy	0.02284	0.20574	1.80313	0.36785	11.942	46.808	0.04172	0.23124	0.38593	0.34111	0.04374	0.22697	0.06213	0.20862	0.0076	0.00514	0.67808	0.7054	0.2845	0.0445	0.5705	0.1	5E-4
Ho	0.01515	0.20126	1.78397	0.35151	12.167	43.434	0.0472	0.23617	0.37938	0.33725	0.04035	0.22866	0.06121	0.21322	0.00734	0.00575	0.68346	0.70169	0.2805	0.0585	0.563	0.098	0
Er	0.01378	0.20073	1.78594	0.35653	11.828	45.209	0.04573	0.23282	0.38586	0.33559	0.04661	0.24876	0.06523	0.23116	0.00661	0.00517	0.68256	0.6992	0.2955	0.05	0.5505	0.103	0.001
Tm	0.01667	0.20574	1.77338	0.35671	11.862	42.706	0.04693	0.22214	0.39936	0.33157	0.04268	0.22546	0.06034	0.20663	0.00756	0.00573	0.68052	0.70075	0.2655	0.042	0.591	0.1005	0.001
Yb	0.0734	0.21283	1.81212	0.45751	13.057	40.891	0.02435	0.166	0.52393	0.28572	0.03193	0.17104	0.06719	0.18035	0.01138	0.00424	0.65385	0.73508	0.267	0.073	0.332	0.266	0.062
Lu	0.02137	0.19871	1.79573	0.34924	11.996	45.397	0.03961	0.2226	0.40252	0.33527	0.04156	0.21245	0.05967	0.1992	0.00774	0.00537	0.67833	0.70459	0.285	0.037	0.5675	0.1085	0.002
Hf	0.03978	0.1899	1.83454	0.38868	14.215	42.098	0.07465	0.2043	0.40603	0.31503	0.02227	0.15026	0.06365	0.17585	0.00734	0.00318	0.67864	0.73264	0.3035	0.0735	0.407	0.208	0.008
Ta	-0.02547	0.24264	1.82467	0.48818	13.33	46.625	0.01839	0.13419	0.59665	0.25077	0.02884	0.13716	0.07064	0.14853	0.00458	0.00748	0.69804	0.6621	0.2125	0.0415	0.1495	0.4225	0.174
W	-0.01243	0.25912	1.84407	0.50554	13.194	48.115	0.01005	0.15392	0.56521	0.27081	0.03243	0.16037	0.07835	0.17094	0.00652	0.00809	0.68161	0.66343	0.2215	0.0605	0.1765	0.4385	0.103
Re	0.02011	0.22118	1.79654	0.48973	11.923	45.457	0.0217	0.17381	0.51665	0.28784	0.0434	0.18192	0.0583	0.17105	0.01087	0.00803	0.67995	0.71059	0.2845	0.063	0.4025	0.21	0.04
Os	0.0194	0.17809	1.76716	0.41251	11.063	42.196	0.05259	0.19724	0.44499	0.30518	0.05501	0.20517	0.05814	0.17741	0.02105	0.01672	0.66324	0.69252	0.3445	0.048	0.4725	0.126	0.009
Ir	0.02355	0.14308	1.71758	0.36308	9.874	39.31	0.09784	0.21803	0.37624	0.30789	0.07943	0.2095	0.07102	0.16318	0.02373	0.01764	0.65393	0.68902	0.521	0.0355	0.3505	0.0915	0.0015
Pt	0.02987	0.144	1.73944	0.38643	10.236	39.78	0.08988	0.21343	0.39546	0.30123	0.08968	0.21511	0.089	0.17154	0.02202	0.01504	0.6488	0.69235	0.4605	0.06	0.3375	0.139	0.003
Au	0.04548	0.14823	1.74774	0.38545	10.289	41.564	0.0491	0.22328	0.39215	0.33547	0.08413	0.23818	0.08197	0.1983	0.01979	0.01115	0.65247	0.71678	0.375	0.0735	0.387	0.1595	0.005